[STARTUP]
USE_CYCLONEPRO_RELAYS=1
Multilink_PowerDownDelay=250
Multilink_PowerUpDelay=1000
SWO_BAUDRATE_SWITCH_MULTILINK_VALUE=-1.000000
SWO_BAUDRATE_SWITCH_TARGET_VALUE=-1.000000
FORCE_MASS_ERASE=0
ECLIPSE_SHOW_CONNECTION_ASSISTANT=1
CPUTARGETTYPENAME=
CYCLONEPRO_POWEROFFONEXIT=0
CYCLONEPRO_CURRENTVOLTAGE=128
CYCLONEPRO_POWERDOWNDELAY=250
CYCLONEPRO_POWERUPDELAY=250
USE_SWD=1
IO_DELAY_CNT=0
FREQ_FX=4
FREQ_NORMAL=0
FREQ_OSJTAG=0
FREQ_CYCLONE=1
FREQ_TRACELINK=1
FREQ_LIGHTNING=1
FREQ_OPENSDA=1
RESET_DELAY=0
INTERFACE_SELECTION=1
TRACELINK_MAXBUFFERSIZE=1
SHOWDIALOG=1

[PEDEBUG]
CURRENT_ALGORITHM_INDEX=0
CURRENTDEVICE=NXP_S32K1xx_S32K144F512M15
CURRENTMODE=4

[GENERAL]
CORBA_IDENTIFIER0=IOR:000000000000001a49444c3a4d794d6f64756c652f7069636b4c6973743a312e3000000000000001000000000000008a000102000000000f3139322e3136382e3132382e31330000cab8000000000031afabcb00000000201725927a00000001000000000000000100000008526f6f74504f41000000000800000001000
CORBA_IDENTIFIER1=0000014000000000000020000000100000020000000000001000100000002050100010001002000010109000000010001010000000026000000020002

[STARTUP12]
SHOW_HSTEP_ASSEMBLY_DETAILS_NEW=0
